31  CURRENT.ALM
 843 61440

1
63
0
 4.76169586181641E-03  6.42013549804688E-03 -2.50292941927910E-09
 5.15360498046875E+03  5.49559831619263E-01  1.56480073928833E-01
 9.42617654800415E-01  2.86102294921875E-06  0.00000000000000E+00
0
11

2
61
0
 1.48696899414062E-02 -3.68118286132812E-04 -2.56841303780675E-09
 5.15358935546875E+03  5.36597847938538E-01 -7.07825660705566E-01
-8.72436165809631E-01  5.93185424804688E-04  0.00000000000000E+00
0
9

3
69
0
 4.80175018310547E-04  5.43022155761719E-03 -2.52475729212165E-09
 5.15352343750000E+03  8.80910396575928E-01 -8.89197349548340E-01
-3.48153710365295E-01  2.00271606445312E-05  0.00000000000000E+00
0
11

4
34
0
 1.19705200195312E-02 -6.56127929687500E-04 -2.57932697422802E-09
 5.15358593750000E+03  5.41403293609619E-01  3.54043602943420E-01
 8.81271481513977E-01 -3.43322753906250E-05 -3.63797880709171E-12
0
9

5
50
0
 4.47034835815430E-03  1.34086608886719E-03 -2.57205101661384E-09
 5.15360156250000E+03  8.78067612648010E-01  1.41729474067688E-01
-9.47973728179932E-02 -1.84059143066406E-04  3.63797880709171E-12
0
10

6
67
0
 2.11715698242188E-04  6.37626647949219E-03 -2.50292941927910E-09
 5.15350830078125E+03  5.46863794326782E-01  8.81587386131287E-01
-2.91297674179077E-01  7.91549682617188E-05  7.27595761418343E-12
0
11

7
48
0
 8.99744033813477E-03  8.29315185546875E-03 -2.53567122854292E-09
 5.15364599609375E+03 -4.44634079933167E-01 -8.56053233146667E-01
 7.37231254577637E-01  4.82559204101562E-04  0.00000000000000E+00
0
10

8
72
0
 1.43575668334961E-03  5.85174560546875E-03 -2.50292941927910E-09
 5.15354345703125E+03  2.12597131729126E-01 -5.56113839149475E-01
 1.06339812278748E-01 -9.53674316406250E-06  0.00000000000000E+00
0
11

9
68
0
 3.50475311279297E-04  4.50325012207031E-03 -2.49929144047201E-09
 5.15366406250000E+03 -7.87639379501343E-01  7.68764019012451E-01
-5.35195589065552E-01 -9.53674316406250E-07  3.63797880709171E-12
0
11

11
46
0
 1.63025856018066E-02 -1.53999328613281E-02 -2.70301825366914E-09
 5.15356542968750E+03  4.34556365013123E-01  4.67948317527771E-01
 7.64931321144104E-01 -6.11305236816406E-04 -3.63797880709171E-12
0
9

12
58
0
 5.51271438598633E-03  1.52435302734375E-02 -2.49565346166492E-09
 5.15354687500000E+03 -1.03542566299438E-01  2.05610990524292E-01
 5.91576457023621E-01  3.37600708007812E-04  3.63797880709171E-12
0
10

13
43
0
 4.65059280395508E-03  9.75990295410156E-03 -2.44472175836563E-09
 5.15364160156250E+03 -7.50291109085083E-01  6.54097199440002E-01
-9.83810424804688E-01 -1.57356262207031E-04 -3.63797880709171E-12
0
9

14
41
0
 8.43811035156250E-03  7.37762451171875E-03 -2.47018761001527E-09
 5.15362451171875E+03 -7.61617422103882E-01 -6.20580315589905E-01
-3.76976013183594E-01  2.76565551757812E-05 -3.63797880709171E-12
0
9

15
55
0
 7.60126113891602E-03 -3.18527221679688E-03 -2.56477505899966E-09
 5.15367968750000E+03 -8.02642464637756E-01  1.32260441780090E-01
-5.98965883255005E-01 -2.77519226074219E-04 -3.63797880709171E-12
0
10

16
56
0
 8.12625885009766E-03  1.54151916503906E-02 -2.49565346166492E-09
 5.15359667968750E+03 -9.75867509841919E-02  1.01557016372681E-01
-5.11003732681274E-02 -7.53402709960938E-05  3.63797880709171E-12
0
9

17
53
0
 1.05104446411133E-02  1.00307464599609E-02 -2.45563569478691E-09
 5.15353906250000E+03  2.28366613388062E-01 -6.38240098953247E-01
-3.62008810043335E-01 -1.91688537597656E-04  0.00000000000000E+00
0
10

18
54
0
 1.63583755493164E-02 -5.47409057617188E-03 -2.64117261394858E-09
 5.15357177734375E+03  8.72890233993530E-01 -6.15308403968811E-01
 1.28568768501282E-01  4.44412231445312E-04  3.63797880709171E-12
0
9

19
59
0
 1.13387107849121E-02  9.08660888671875E-03 -2.45927367359400E-09
 5.15510888671875E+03  2.44028687477112E-01  2.08910703659058E-01
-8.89738202095032E-01 -5.21659851074219E-04  0.00000000000000E+00
0
9

20
51
0
 4.97055053710938E-03 -5.09643554687500E-03 -2.63389665633440E-09
 5.15358886718750E+03  8.56302618980408E-01  3.97144556045532E-01
-5.79112887382507E-01  3.64303588867188E-04  3.63797880709171E-12
0
9

21
45
0
 2.26144790649414E-02 -2.55584716796875E-03 -2.58660293184221E-09
 5.15367919921875E+03  5.40921092033386E-01 -5.95261573791504E-01
 4.29614663124084E-01 -4.87327575683594E-04 -3.63797880709171E-12
0
9

22
47
0
 7.99179077148438E-03 -6.16455078125000E-03 -2.65208655036986E-09
 5.15360986328125E+03  8.73178720474243E-01 -6.50720953941345E-01
-2.59807109832764E-02  4.02450561523438E-04  3.63797880709171E-12
0
9

23
60
0
 1.03850364685059E-02  1.63459777832031E-03 -2.52111931331456E-09
 5.15373535156250E+03 -7.85323858261108E-01 -8.35123538970947E-01
-7.43304252624512E-01 -1.39236450195312E-04 -3.63797880709171E-12
0
9

24
65
0
 3.56006622314453E-03  2.92778015136719E-03 -2.59387888945639E-09
 5.15360156250000E+03 -4.58439588546753E-01  9.36031341552734E-02
-9.51664447784424E-01 -6.67572021484375E-06  0.00000000000000E+00
0
11

25
62
0
 4.66060638427734E-03  1.15451812744141E-02 -2.53567122854292E-09
 5.15356640625000E+03 -1.18910312652588E-01  2.33322262763977E-01
 3.87429952621460E-01 -5.43594360351562E-05 -3.63797880709171E-12
0
11

26
71
0
 2.22206115722656E-04  5.83267211914062E-03 -2.59387888945639E-09
 5.15360009765625E+03 -1.20532512664795E-01 -1.81727409362793E-02
 2.22779273986816E-01 -8.86917114257812E-05 -1.45519152283669E-11
0
11

27
66
0
 2.68411636352539E-03  8.42475891113281E-03 -2.47382558882236E-09
 5.15366015625000E+03  2.12892651557922E-01  9.78533029556274E-02
-3.79243373870850E-01  2.86102294921875E-05  3.63797880709171E-12
0
11

28
44
0
 1.98087692260742E-02  1.49860382080078E-02 -2.48473952524364E-09
 5.15365576171875E+03 -9.59317684173584E-02 -5.26890754699707E-01
-1.09564542770386E-01  4.74929809570312E-04  3.63797880709171E-12
0
9

29
57
0
 8.44955444335938E-04  1.03130340576172E-02 -2.45563569478691E-09
 5.15363476562500E+03  2.31390595436096E-01 -1.60193920135498E-01
 4.28920388221741E-01  6.39915466308594E-04  3.63797880709171E-12
0
10

30
64
0
 1.69801712036133E-03  3.76701354980469E-03 -2.58660293184221E-09
 5.15363330078125E+03 -4.29573178291321E-01 -9.96210932731628E-01
 7.12476134300232E-01  4.29153442382812E-05  7.27595761418343E-12
0
11

31
52
0
 8.19396972656250E-03  9.84001159667969E-03 -2.52111931331456E-09
 5.15356835937500E+03 -4.41966295242310E-01 -1.63536071777344E-01
 7.38614082336426E-01  2.98500061035156E-04  0.00000000000000E+00
0
10

32
23
0
 1.13606452941895E-02  1.49917602539062E-03 -2.55386112257838E-09
 5.15361035156250E+03  9.06374692916870E-01  4.80757951736450E-02
 8.73380422592163E-01 -1.04904174804688E-05  1.09139364212751E-11
0
9

